
********************************************************************************
Costs report report produced on 2021-11-22 09:30:20.665056 from 2021-03-17 09:30:14.828296 to 2021-11-22 09:30:14.828296
********************************************************************************



=====================================================================================================================================================
                                                                  Check of slippage                                                                  
=====================================================================================================================================================

                  bid_ask_trades  total_trades  bid_ask_sampled  weight_trades  weight_samples  weight_config     estimate   Configured  % Difference
EURIBOR                      NaN           NaN        50.070000       0.000000        0.162011       0.837989     8.118184     0.007500   1081.424581
US-MATERIAL                  NaN           NaN        12.900000       0.000000        0.214660       0.785340     2.926178     0.200000     13.630890
US-INDUSTRY                  NaN           NaN        11.150000       0.000000        0.214660       0.785340     2.550524     0.200000     11.752618
US-FINANCE                   NaN           NaN         5.100000       0.000000        0.218750       0.781250     1.193750     0.100000     10.937500
US-TECH                      NaN           NaN        12.900000       0.000000        0.214660       0.785340     2.965445     0.250000     10.861780
US-HEALTH                    NaN           NaN        12.350000       0.000000        0.218750       0.781250     2.896875     0.250000     10.587500
US-ENERGY                    NaN           NaN         6.425000       0.000000        0.218750       0.781250     1.522656     0.150000      9.151042
US-UTILS                     NaN           NaN         5.400000       0.000000        0.214660       0.785340     1.276963     0.150000      7.513089
US-STAPLES                   NaN           NaN         5.250000       0.000000        0.218750       0.781250     1.265625     0.150000      7.437500
ALUMINIUM                    NaN           NaN        15.004630       0.000000        0.535604       0.464396    11.060569     6.511752      0.698555
US-DISCRETE                  NaN           NaN        23.100000       0.000000        0.558824       0.441176    17.479450    10.360086      0.687192
MILKDRY                      NaN           NaN         1.450000       0.000000        0.541284       0.458716     1.144944     0.784979      0.458568
EU-DJ-OIL                    NaN           NaN         0.782500       0.000000        0.127907       0.872093     0.274506     0.200000      0.372529
CHEESE                       NaN           NaN         0.006000       0.000000        0.648712       0.351288     0.005297     0.004000      0.324356
EUROSTX-SMALL                NaN           NaN         0.525000       0.000000        0.127907       0.872093     0.197965     0.150000      0.319767
GASOILINE               0.000475      0.000575         0.000446       0.072289        0.807229       0.120482     0.000444     0.000350      0.267451
EU-MEDIA                     NaN           NaN         0.450000       0.000000        0.127907       0.872093     0.188372     0.150000      0.255814
CH10                         NaN           NaN         0.660000       0.000000        0.044586       0.955414     0.124968     0.100000      0.249682
KOSDAQ*                 0.150000      0.200000         0.131396       0.317919        0.393064       0.289017     0.149913     0.120000      0.249272
CAC                     0.250000     -0.250000         0.377907       0.384168        0.441211       0.174622     0.306434     0.250000      0.225736
OATIES                       NaN           NaN         1.250000       0.000000        0.833148       0.166852     1.208287     1.000000      0.208287
GAS-LAST                     NaN           NaN         0.004973       0.000000        0.797844       0.202156     0.004776     0.004000      0.194024
SEK                          NaN           NaN         0.000024       0.000000        0.859419       0.140581     0.000024     0.000020      0.190825
GAS_US                  0.000750      0.000250         0.001235       0.025381        0.847716       0.126904     0.001196     0.001025      0.167041
EU-UTILS                     NaN           NaN         0.120588       0.000000        0.793673       0.206327     0.116340     0.100000      0.163403
NIKKEI400               3.750000      5.000000         2.732558       0.092450        0.676425       0.231125     2.888433     2.500000      0.155373
CHF                     0.000100      0.000025         0.000056       0.049710        0.826015       0.124275     0.000058     0.000050      0.152962
KR10                    0.005000      0.010000         0.005260       0.116505        0.592233       0.291262     0.005737     0.005000      0.147315
EU-REALESTATE                NaN           NaN         0.204167       0.000000        0.127907       0.872093     0.113324     0.100000      0.133236
MUMMY                   0.500000      0.750000         0.562996       0.117647        0.588235       0.294118     0.566468     0.500000      0.132937
SMI-MID                      NaN           NaN         4.806818       0.000000        0.127907       0.872093     2.795058     2.500000      0.118023
COPPER-mini                  NaN           NaN         0.003015       0.000000        0.218750       0.781250     0.002222     0.002000      0.110983
PALLAD                       NaN           NaN         2.250000       0.000000        0.870130       0.129870     2.217532     2.000000      0.108766
OAT                     0.005000      0.005000         0.005647       0.124481        0.751037       0.124481     0.005486     0.005000      0.097149
EU-RETAIL*              0.150000      0.150000         0.167296       0.058215        0.747736       0.194049     0.162933     0.150000      0.086217
SOYMEAL                      NaN           NaN         0.077138       0.000000        0.833333       0.166667     0.075948     0.070000      0.084978
EU-FOOD                      NaN           NaN         0.220000       0.000000        0.793673       0.206327     0.215873     0.200000      0.079367
BRENT-LAST              0.020000     -0.005000         0.012398       0.068104        0.761635       0.170261     0.012848     0.012000      0.070661
BUXL                    0.015000      0.015000         0.014042       0.037831        0.773014       0.189155     0.013881     0.013000      0.067760
EU-DIV30                2.625000      2.000000         0.588235       0.198456        0.636163       0.165380     1.060542     1.000000      0.060542
BRE*                    0.000125      0.000125         0.000125       0.114213        0.758883       0.126904     0.000124     0.000118      0.051794
INR                          NaN           NaN         0.016071       0.000000        0.723247       0.276753     0.015775     0.015000      0.051640
SP400*                  0.800000      1.100000         0.567380       0.014606        0.839338       0.146056     0.571815     0.544478      0.050206
NIKKEI*                 2.500000      2.500000         2.757353       0.298507        0.452736       0.248756     2.616513     2.500000      0.046605
SGD                          NaN           NaN         0.000136       0.000000        0.503311       0.496689     0.000130     0.000125      0.043940
BTP*                    0.005000      0.005000         0.005446       0.339751        0.490374       0.169875     0.005218     0.005000      0.043697
EU-AUTO*                0.250000      0.350000         0.151968       0.020188        0.777927       0.201884     0.155569     0.150000      0.037126
NOK                          NaN           NaN         0.000031       0.000000        0.856870       0.143130     0.000031     0.000030      0.035584
EUROSTX200-LARGE             NaN           NaN         0.183686       0.000000        0.127907       0.872093     0.154309     0.150000      0.028724
US30                         NaN           NaN         0.016084       0.000000        0.817073       0.182927     0.016000     0.015625      0.023981
KOSPI                        NaN           NaN         0.025855       0.000000        0.669604       0.330396     0.025573     0.025000      0.022903
DOW                     1.000000     -1.000000         0.711443       0.080935        0.784173       0.134892     0.735952     0.720000      0.022155
TOPIX                   0.125000      0.625000         0.149148       0.075567        0.546599       0.377834     0.204320     0.200000      0.021600
CORN*                   0.125000      0.125000         0.128299       0.104895        0.745255       0.149850     0.127458     0.125000      0.019667
SP500_micro*            0.125000     -0.125000         0.129207       0.348048        0.567063       0.084890     0.127385     0.125000      0.019084
USIRS5                  0.156250      0.085938         0.010053       0.227273        0.583333       0.189394     0.050845     0.050000      0.016904
RUSSELL                 0.100000      0.300000         0.088235       0.055402        0.806094       0.138504     0.101597     0.100000      0.015969
SP500                        NaN           NaN         0.127155       0.000000        0.870017       0.129983     0.126875     0.125000      0.015000
US10U                        NaN           NaN         0.007941       0.000000        0.821216       0.178784     0.007918     0.007812      0.013463
DJSTX-SMALL             0.725000      0.775000         0.150000       0.060000        0.640000       0.300000     0.202500     0.200000      0.012500
BUND                    0.005000      0.005000         0.005043       0.146104        0.732143       0.121753     0.005031     0.005000      0.006272
US-PROPERTY                  NaN           NaN         0.078341       0.000000        0.127907       0.872093     0.075427     0.075000      0.005697
EURCHF                       NaN           NaN         0.000101       0.000000        0.214660       0.785340     0.000100     0.000100      0.003188
BOBL                    0.005000      0.005000         0.005000       0.221893        0.667160       0.110947     0.005000     0.005000      0.000000
YENEUR                       NaN           NaN         0.010000       0.000000        0.817073       0.182927     0.010000     0.010000      0.000000
BTP3                         NaN           NaN         0.005000       0.000000        0.655963       0.344037     0.005000     0.005000      0.000000
BBCOMM                       NaN           NaN         0.100000       0.000000        0.526814       0.473186     0.100000     0.100000      0.000000
REDWHEAT                     NaN           NaN         0.250000       0.000000        0.832027       0.167973     0.250000     0.250000      0.000000
EU-DJ-MEDIA                  NaN           NaN              NaN       0.000000        0.000000       1.000000     2.850000     2.850000      0.000000
HEATOIL-mini                 NaN           NaN              NaN       0.000000        0.000000       1.000000     0.032500     0.032500      0.000000
EUROSTX-LARGE                NaN           NaN              NaN       0.000000        0.000000       1.000000     2.050000     2.050000      0.000000
HIGHYIELD                    NaN           NaN              NaN       0.000000        0.000000       1.000000     0.020000     0.020000      0.000000
GICS                         NaN           NaN              NaN       0.000000        0.000000       1.000000     0.300000     0.300000      0.000000
EU-FINANCE                   NaN           NaN              NaN       0.000000        0.000000       1.000000     0.200000     0.200000      0.000000
EUA                          NaN           NaN              NaN       0.000000        0.000000       1.000000     0.250000     0.250000      0.000000
EUROSTX-MID                  NaN           NaN              NaN       0.000000        0.000000       1.000000     1.200000     1.200000      0.000000
GOLD-CHINA                   NaN           NaN              NaN       0.000000        0.000000       1.000000     7.450000     7.450000      0.000000
GASOIL                       NaN           NaN              NaN       0.000000        0.000000       1.000000     0.100000     0.100000      0.000000
EU-DJ-RETAIL                 NaN           NaN              NaN       0.000000        0.000000       1.000000     2.100000     2.100000      0.000000
CNH-onshore                  NaN           NaN              NaN       0.000000        0.000000       1.000000     0.000150     0.000150      0.000000
EU-DJ-INSURE                 NaN           NaN              NaN       0.000000        0.000000       1.000000     0.350000     0.350000      0.000000
EU-DJ-INDUSTRY               NaN           NaN              NaN       0.000000        0.000000       1.000000     0.600000     0.600000      0.000000
BUTTER                       NaN           NaN              NaN       0.000000        0.000000       1.000000     1.893750     1.893750      0.000000
BOVESPA                      NaN           NaN              NaN       0.000000        0.000000       1.000000   140.000000   140.000000      0.000000
BEL20                        NaN           NaN              NaN       0.000000        0.000000       1.000000     3.250000     3.250000      0.000000
COCOA                        NaN           NaN              NaN       0.000000        0.000000       1.000000     0.500000     0.500000      0.000000
AUDJPY                       NaN           NaN              NaN       0.000000        0.000000       1.000000     0.015000     0.015000      0.000000
AUD-SGX                      NaN           NaN              NaN       0.000000        0.000000       1.000000     0.000150     0.000150      0.000000
COFFEE                       NaN           NaN              NaN       0.000000        0.000000       1.000000     0.001000     0.001000      0.000000
HOUSE-BO                     NaN           NaN              NaN       0.000000        0.000000       1.000000     3.400000     3.400000      0.000000
CORN_mini                    NaN           NaN              NaN       0.000000        0.000000       1.000000     0.125000     0.125000      0.000000
FED                          NaN           NaN              NaN       0.000000        0.000000       1.000000     0.001250     0.001250      0.000000
FTSE100                      NaN           NaN              NaN       0.000000        0.000000       1.000000     0.100000     0.100000      0.000000
COTTON2                      NaN           NaN              NaN       0.000000        0.000000       1.000000     0.010000     0.010000      0.000000
CZK                          NaN           NaN              NaN       0.000000        0.000000       1.000000     0.000092     0.000092      0.000000
DIVDAX                       NaN           NaN              NaN       0.000000        0.000000       1.000000     0.175000     0.175000      0.000000
GAS-PEN                      NaN           NaN              NaN       0.000000        0.000000       1.000000     0.001000     0.001000      0.000000
DX                           NaN           NaN              NaN       0.000000        0.000000       1.000000     0.100000     0.100000      0.000000
EU-BANKS-DIVI                NaN           NaN              NaN       0.000000        0.000000       1.000000     0.120000     0.120000      0.000000
EU-Construction              NaN           NaN              NaN       0.000000        0.000000       1.000000     1.650000     1.650000      0.000000
EU-DIV50                     NaN           NaN              NaN       0.000000        0.000000       1.000000     0.100000     0.100000      0.000000
EU-DJ-CHEM                   NaN           NaN              NaN       0.000000        0.000000       1.000000    15.550000    15.550000      0.000000
CANOLA                       NaN           NaN              NaN       0.000000        0.000000       1.000000     2.000000     2.000000      0.000000
EU-DJ-FOOD                   NaN           NaN              NaN       0.000000        0.000000       1.000000     1.550000     1.550000      0.000000
EU-DJ-HEALTH                 NaN           NaN              NaN       0.000000        0.000000       1.000000     4.400000     4.400000      0.000000
EU-DJ-FINANCE                NaN           NaN              NaN       0.000000        0.000000       1.000000     6.250000     6.250000      0.000000
WTI_micro                    NaN           NaN              NaN       0.000000        0.000000       1.000000     0.010000     0.010000      0.000000
EUROSTX-PRICE                NaN           NaN              NaN       0.000000        0.000000       1.000000     0.150000     0.150000      0.000000
ROBUSTA                      NaN           NaN              NaN       0.000000        0.000000       1.000000     0.500000     0.500000      0.000000
INR-mini                     NaN           NaN              NaN       0.000000        0.000000       1.000000     0.120000     0.120000      0.000000
IRS                          NaN           NaN              NaN       0.000000        0.000000       1.000000     0.000585     0.000585      0.000000
SOYBEAN_mini                 NaN           NaN              NaN       0.000000        0.000000       1.000000     0.250000     0.250000      0.000000
SOFR                         NaN           NaN              NaN       0.000000        0.000000       1.000000     0.002500     0.002500      0.000000
JPY-SGX                      NaN           NaN              NaN       0.000000        0.000000       1.000000     0.010000     0.010000      0.000000
SILVER-mini                  NaN           NaN              NaN       0.000000        0.000000       1.000000     0.012500     0.012500      0.000000
JPY-SGX-TITAN                NaN           NaN              NaN       0.000000        0.000000       1.000000     0.010000     0.010000      0.000000
RUBBER                       NaN           NaN              NaN       0.000000        0.000000       1.000000     0.050000     0.050000      0.000000
JPY_micro                    NaN           NaN              NaN       0.000000        0.000000       1.000000     0.000005     0.000005      0.000000
R1000mini                    NaN           NaN              NaN       0.000000        0.000000       1.000000     0.450000     0.450000      0.000000
OMX                          NaN           NaN              NaN       0.000000        0.000000       1.000000    11.750000    11.750000      0.000000
KRWUSD_mini                  NaN           NaN              NaN       0.000000        0.000000       1.000000     0.000200     0.000200      0.000000
R1000GROWTH-mini             NaN           NaN              NaN       0.000000        0.000000       1.000000     0.400000     0.400000      0.000000
PLZEUR                       NaN           NaN              NaN       0.000000        0.000000       1.000000     0.000300     0.000300      0.000000
LIBOR1                       NaN           NaN              NaN       0.000000        0.000000       1.000000     0.010000     0.010000      0.000000
MILKWET                      NaN           NaN              NaN       0.000000        0.000000       1.000000     0.092500     0.092500      0.000000
MSCIRUSSIA                   NaN           NaN              NaN       0.000000        0.000000       1.000000     1.500000     1.500000      0.000000
NASBIO-mini                  NaN           NaN              NaN       0.000000        0.000000       1.000000     1.300000     1.300000      0.000000
PLN                          NaN           NaN              NaN       0.000000        0.000000       1.000000     0.000070     0.000070      0.000000
NIKKEI-JPY                   NaN           NaN              NaN       0.000000        0.000000       1.000000  2100.000000  2100.000000      0.000000
INR-SGX                      NaN           NaN              NaN       0.000000        0.000000       1.000000     0.010000     0.010000      0.000000
SPI200                       NaN           NaN              NaN       0.000000        0.000000       1.000000     1.000000     1.000000      0.000000
STEEL                        NaN           NaN              NaN       0.000000        0.000000       1.000000     5.500000     5.500000      0.000000
STERLING3                    NaN           NaN              NaN       0.000000        0.000000       1.000000     0.002500     0.002500      0.000000
HOUSE-CG                     NaN           NaN              NaN       0.000000        0.000000       1.000000     3.000000     3.000000      0.000000
HOUSE-DN                     NaN           NaN              NaN       0.000000        0.000000       1.000000     3.000000     3.000000      0.000000
HOUSE-LA                     NaN           NaN              NaN       0.000000        0.000000       1.000000     4.300000     4.300000      0.000000
HOUSE-LV                     NaN           NaN              NaN       0.000000        0.000000       1.000000     3.900000     3.900000      0.000000
HOUSE-MI                     NaN           NaN              NaN       0.000000        0.000000       1.000000     4.100000     4.100000      0.000000
HOUSE-NY                     NaN           NaN              NaN       0.000000        0.000000       1.000000     3.600000     3.600000      0.000000
HOUSE-SD                     NaN           NaN              NaN       0.000000        0.000000       1.000000     2.450000     2.450000      0.000000
HOUSE-SF                     NaN           NaN              NaN       0.000000        0.000000       1.000000     1.950000     1.950000      0.000000
WHEAT_mini                   NaN           NaN              NaN       0.000000        0.000000       1.000000     0.250000     0.250000      0.000000
Ethereum                     NaN           NaN              NaN       0.000000        0.000000       1.000000     3.250000     3.250000      0.000000
VIX_mini                     NaN           NaN              NaN       0.000000        0.000000       1.000000     0.050000     0.050000      0.000000
USIRS30                      NaN           NaN              NaN       0.000000        0.000000       1.000000     0.093750     0.093750      0.000000
USIRS2ERIS                   NaN           NaN              NaN       0.000000        0.000000       1.000000     0.005000     0.005000      0.000000
HOUSE-US                     NaN           NaN              NaN       0.000000        0.000000       1.000000     2.500000     2.500000      0.000000
TWD-mini                     NaN           NaN              NaN       0.000000        0.000000       1.000000     0.000150     0.000150      0.000000
TWD                          NaN           NaN              NaN       0.000000        0.000000       1.000000     0.009750     0.009750      0.000000
HUF                          NaN           NaN              NaN       0.000000        0.000000       1.000000     0.000006     0.000006      0.000000
IG                           NaN           NaN              NaN       0.000000        0.000000       1.000000     0.020000     0.020000      0.000000
SUGAR11                      NaN           NaN              NaN       0.000000        0.000000       1.000000     0.000050     0.000050      0.000000
OJ                           NaN           NaN              NaN       0.000000        0.000000       1.000000     0.010750     0.010750      0.000000
VNKI                         NaN           NaN         0.050000       0.000000        0.085366       0.914634     0.050000     0.050000     -0.000000
RICE                         NaN           NaN         0.015000       0.000000        0.491525       0.508475     0.015000     0.015000     -0.000000
KR3*                    0.005000      0.005000         0.005000       0.614111        0.255226       0.130662     0.005000     0.005000     -0.000000
JGB                          NaN           NaN         0.005000       0.000000        0.539877       0.460123     0.005000     0.005000     -0.000000
SHATZ                        NaN           NaN         0.002500       0.000000        0.858089       0.141911     0.002500     0.002500     -0.000000
EDOLLAR*                0.002500      0.002500         0.002500       0.267176        0.637405       0.095420     0.002500     0.002500     -0.000000
EU-DJ-TELECOM                NaN           NaN         0.146429       0.000000        0.127907       0.872093     0.149543     0.150000     -0.003045
USIRS10                      NaN           NaN         0.023305       0.000000        0.762282       0.237718     0.023337     0.023438     -0.004307
USIRS5ERIS                   NaN           NaN         0.009300       0.000000        0.090909       0.909091     0.009936     0.010000     -0.006364
EU-DJ-TECH                   NaN           NaN         8.950000       0.000000        0.127907       0.872093     9.386047     9.450000     -0.006768
SOYOIL                       NaN           NaN         0.014677       0.000000        0.832962       0.167038     0.014731     0.015000     -0.017932
US20                    0.015625      0.015625         0.015625       0.025359        0.847844       0.126796     0.015673     0.016000     -0.020466
US5*                    0.003906      0.003906         0.003906       0.163043        0.728261       0.108696     0.003916     0.004000     -0.020890
EURO600                 2.250000      2.250000         0.054608       0.031153        0.813084       0.155763     0.136301     0.140000     -0.026418
SILVER*                 0.005000      0.000500         0.003676       0.135034        0.752438       0.112528     0.003892     0.004000     -0.027101
LEANHOG                 0.025000      0.012500         0.021774       0.466019        0.242718       0.291262     0.024217     0.025000     -0.031319
EU-DJ-UTIL                   NaN           NaN         0.320833       0.000000        0.127907       0.872093     0.433479     0.450000     -0.036714
R1000*                  0.250000      0.250000         0.213500       0.065502        0.279476       0.655022     0.239799     0.250000     -0.040804
BONO                         NaN           NaN         0.033000       0.000000        0.716446       0.283554     0.033567     0.035000     -0.040940
CRUDE_W                      NaN           NaN         0.009076       0.000000        0.869905       0.130095     0.009159     0.009712     -0.056956
COPPER                       NaN           NaN         0.000396       0.000000        0.869679       0.130321     0.000400     0.000424     -0.057238
SOYBEAN*                0.250000      0.312500         0.222384       0.091371        0.756345       0.152284     0.234823     0.250000     -0.060707
PLAT*                   0.300000      0.400000         0.268463       0.061224        0.816327       0.122449     0.280378     0.300000     -0.065406
AUD                     0.000025     -0.000025         0.000030       0.049342        0.827303       0.123355     0.000030     0.000032     -0.065555
EU-CHEM                      NaN           NaN         0.310883       0.000000        0.654378       0.345622     0.324403     0.350000     -0.073134
JGB-SGX-mini                 NaN           NaN         0.006250       0.000000        0.197861       0.802139     0.009258     0.010000     -0.074198
NASDAQ                       NaN           NaN         0.272817       0.000000        0.869565       0.130435     0.276363     0.300000     -0.078791
FTSETAIWAN*             0.125000      0.125000         0.135000       0.077855        0.662630       0.259516     0.138114     0.150000     -0.079239
MID-DAX                      NaN           NaN        36.767857       0.000000        0.127907       0.872093    91.912168   100.000000     -0.080878
GBP*                    0.000050      0.000125         0.000056       0.049464        0.826876       0.123660     0.000061     0.000066     -0.081464
MILK                         NaN           NaN         0.050000       0.000000        0.866548       0.133452     0.050785     0.055882     -0.091216
EUR*                    0.000025     -0.000025         0.000027       0.012831        0.858854       0.128315     0.000027     0.000030     -0.093922
ETHEREUM                     NaN           NaN         2.772248       0.000000        0.649533       0.350467     2.939684     3.250000     -0.095482
NASDAQ_micro            0.250000     -0.250000         0.207964       0.333734        0.576067       0.090198     0.225785     0.250000     -0.096862
GOLD_micro*             0.100000      0.050000         0.079157       0.462185        0.467787       0.070028     0.090250     0.100000     -0.097499
JP-REALESTATE                NaN           NaN         6.000000       0.000000        0.175824       0.824176    12.387363    13.750000     -0.099101
VIX*                    0.025000      0.025000         0.025000       0.237276        0.659560       0.103164     0.025322     0.028120     -0.099507
MSCIASIA                     NaN           NaN         0.325000       0.000000        0.531250       0.468750     0.360156     0.400000     -0.099609
LIVECOW*                0.025000      0.000000         0.017400       0.216138        0.351585       0.432277     0.022328     0.025000     -0.106879
EU-HOUSE                     NaN           NaN         1.597984       0.000000        0.127907       0.872093    11.759626    13.250000     -0.112481
EU-MID                       NaN           NaN         0.268750       0.000000        0.127907       0.872093     2.476235     2.800000     -0.115630
LUMBER                       NaN           NaN         1.850000       0.000000        0.180328       0.819672     4.759836     5.400000     -0.118549
US10*                   0.007812      0.015625         0.007812       0.094340        0.787736       0.117925     0.008807     0.010000     -0.119251
US2                          NaN           NaN         0.001953       0.000000        0.869792       0.130208     0.001994     0.002267     -0.120426
FEEDCOW                      NaN           NaN         0.036432       0.000000        0.448529       0.551471     0.043914     0.050000     -0.121710
BITCOIN*               22.500000     25.000000        19.754902       0.321237        0.589530       0.089233    21.907857    25.000000     -0.123686
CRUDE_W_mini            0.025000      0.018750         0.020647       0.154072        0.735877       0.110051     0.021797     0.025000     -0.128138
MXP                     0.000005      0.000005         0.000005       0.252754        0.650032       0.097213     0.000005     0.000006     -0.137808
FTSECHINAH*             7.500000      7.500000        12.572314       0.075251        0.673913       0.250836    12.799570    15.000000     -0.146695
NZD*                    0.000050      0.000100         0.000045       0.037594        0.837093       0.125313     0.000049     0.000058     -0.155882
US3                          NaN           NaN         0.003155       0.000000        0.821216       0.178784     0.003289     0.003906     -0.157926
V2X                     0.075000      0.062500         0.033065       0.356273        0.552375       0.091352     0.050466     0.060000     -0.158907
GBPEUR                  0.000063      0.000013         0.000059       0.034483        0.793103       0.172414     0.000062     0.000075     -0.170435
GAS_US_mini*            0.005000      0.005000         0.003526       0.274102        0.631380       0.094518     0.004069     0.005000     -0.186122
WHEAT*                  0.250000      0.250000         0.181250       0.155955        0.702268       0.141777     0.201719     0.250000     -0.193124
GOLD                         NaN           NaN         0.068137       0.000000        0.869905       0.130095     0.070790     0.088530     -0.200380
EU-OIL*                 0.350000      0.400000         0.066149       0.156613        0.669374       0.174014     0.136854     0.172000     -0.204338
EU-INSURE                    NaN           NaN         0.117980       0.000000        0.654378       0.345622     0.136922     0.172786     -0.207562
HEATOIL*                0.000500      0.000500         0.000333       0.037563        0.837229       0.125209     0.000354     0.000450     -0.213193
SMI                     1.000000     -0.500000         0.684488       0.126050        0.693878       0.180072     0.781074     1.000000     -0.218926
EU-TECH                      NaN           NaN         0.216854       0.000000        0.793673       0.206327     0.234009     0.300000     -0.219969
US-REALESTATE                NaN           NaN         5.900000       0.000000        0.859813       0.140187     6.194393     8.000000     -0.225701
AEX                     0.075000      0.137500         0.046047       0.204545        0.568182       0.227273     0.077015     0.100000     -0.229849
RUR                     0.000014      0.000014         0.000003       0.054054        0.810811       0.135135     0.000004     0.000005     -0.239269
CAD                     0.000025     -0.000000         0.000036       0.025381        0.847716       0.126904     0.000037     0.000049     -0.245032
MSCISING                     NaN           NaN         0.030420       0.000000        0.662162       0.337838     0.036799     0.049302     -0.253597
EU-BASIC                     NaN           NaN         0.124806       0.000000        0.793956       0.206044     0.137381     0.185836     -0.260740
DAX*                    1.500000      1.500000         0.949059       0.139925        0.720149       0.139925     1.103240     1.500000     -0.264507
EUROSTX                 0.250000      0.100000         0.257752       0.090361        0.780551       0.129088     0.271541     0.370000     -0.266105
EU-HEALTH               1.525000      1.175000         0.270238       0.039630        0.762219       0.198151     0.365492     0.500000     -0.269016
JPY*                    0.000000      0.000000         0.000000       0.154298        0.735489       0.110213     0.000000     0.000000     -0.295619
FTSEINDO                     NaN           NaN         4.812500       0.000000        0.480969       0.519031     8.802552    12.500000     -0.295796
NIFTY*                  1.000000     -1.000000         0.969975       0.093555        0.594595       0.311850     1.216035     1.750000     -0.305123
KRWUSD                  0.000001     -0.000000         0.000000       0.088235        0.617647       0.294118     0.000000     0.000001     -0.340336
FTSECHINAA*             1.000000      2.000000         0.750000       0.375427        0.453925       0.170648     1.475256     2.250000     -0.344331
EU-BANKS                0.600000      0.600000         0.029493       0.224159        0.589041       0.186800     0.212578     0.325000     -0.345913
EU-CONSTRUCTION              NaN           NaN         0.155804       0.000000        0.385246       0.614754     1.074367     1.650000     -0.348869
IRON                         NaN           NaN         0.125000       0.000000        0.682203       0.317797     0.168461     0.261759     -0.356425
KOSPI_mini              0.140000      0.310000         0.014692       0.379213        0.410112       0.210674     0.186784     0.300000     -0.377387
CNH                     0.002350      0.002350         0.000149       0.086455        0.697406       0.216138     0.000501     0.000900     -0.443037
EU-TRAVEL               1.425000      1.575000         0.134211       0.039630        0.762219       0.198151     0.263791     0.500000     -0.472419
SGX                          NaN           NaN         1.147059       0.000000        1.000000       0.000000          NaN          NaN           NaN
ASX                          NaN           NaN              NaN            NaN             NaN            NaN          NaN          NaN           NaN
AUS10                        NaN           NaN              NaN            NaN             NaN            NaN          NaN          NaN           NaN
AUS3                         NaN           NaN              NaN            NaN             NaN            NaN          NaN          NaN           NaN
AUSSTIR                      NaN           NaN              NaN            NaN             NaN            NaN          NaN          NaN           NaN
BRENT                        NaN           NaN              NaN            NaN             NaN            NaN          NaN          NaN           NaN
BRENT_W                      NaN           NaN              NaN            NaN             NaN            NaN          NaN          NaN           NaN
CAD10                        NaN           NaN              NaN            NaN             NaN            NaN          NaN          NaN           NaN
CADSTIR                      NaN           NaN              NaN            NaN             NaN            NaN          NaN          NaN           NaN
CLP                          NaN           NaN              NaN            NaN             NaN            NaN          NaN          NaN           NaN
COCOA_LDN                    NaN           NaN              NaN            NaN             NaN            NaN          NaN          NaN           NaN
COCOA_NY                     NaN           NaN              NaN            NaN             NaN            NaN          NaN          NaN           NaN
COTTON                       NaN           NaN              NaN            NaN             NaN            NaN          NaN          NaN           NaN
DIVDAX-DIVI                  NaN           NaN              NaN            NaN             NaN            NaN          NaN          NaN           NaN
ETHANOL                      NaN           NaN              NaN            NaN             NaN            NaN          NaN          NaN           NaN
FOX                          NaN           NaN              NaN            NaN             NaN            NaN          NaN          NaN           NaN
FTSE                         NaN           NaN              NaN            NaN             NaN            NaN          NaN          NaN           NaN
GASOILINE-mini               NaN           NaN              NaN            NaN             NaN            NaN          NaN          NaN           NaN
GASOIL_W                     NaN           NaN              NaN            NaN             NaN            NaN          NaN          NaN           NaN
GAS_UK                       NaN           NaN              NaN            NaN             NaN            NaN          NaN          NaN           NaN
GILT                         NaN           NaN              NaN            NaN             NaN            NaN          NaN          NaN           NaN
HANG                         NaN           NaN              NaN            NaN             NaN            NaN          NaN          NaN           NaN
HEAT_S                       NaN           NaN              NaN            NaN             NaN            NaN          NaN          NaN           NaN
IBXEX                        NaN           NaN              NaN            NaN             NaN            NaN          NaN          NaN           NaN
JGB-mini                     NaN           NaN              NaN            NaN             NaN            NaN          NaN          NaN           NaN
KRWJPY                       NaN           NaN              NaN            NaN             NaN            NaN          NaN          NaN           NaN
PIPELINE                     NaN           NaN              NaN            NaN             NaN            NaN          NaN          NaN           NaN
SP500-GROWTH                 NaN           NaN              NaN            NaN             NaN            NaN          NaN          NaN           NaN
SP600-SMALL                  NaN           NaN              NaN            NaN             NaN            NaN          NaN          NaN           NaN
SSTERL                       NaN           NaN              NaN            NaN             NaN            NaN          NaN          NaN           NaN
SUGAR                        NaN           NaN              NaN            NaN             NaN            NaN          NaN          NaN           NaN
TOPIX30                      NaN           NaN              NaN            NaN             NaN            NaN          NaN          NaN           NaN
TSX                          NaN           NaN              NaN            NaN             NaN            NaN          NaN          NaN           NaN
URANIUM                      NaN           NaN              NaN            NaN             NaN            NaN          NaN          NaN           NaN
USIRS2                       NaN           NaN              NaN            NaN             NaN            NaN          NaN          NaN           NaN
XINA                         NaN           NaN              NaN            NaN             NaN            NaN          NaN          NaN           NaN

* indicates currently held position

============================================================
SR costs (using stored slippage): more than 0.01 means panic
============================================================

                  SR_cost
US-REALESTATE     0.41589
EU-HOUSE          0.24024
EU-DJ-TECH        0.18499
JP-REALESTATE     0.15039
EU-MID            0.12249
MILKDRY           0.08628
US-DISCRETE       0.08056
EURIBOR           0.07785
MID-DAX           0.06266
FTSEINDO          0.05238
EU-CONSTRUCTION   0.05202
EU-BANKS          0.04194
LUMBER            0.03102
MILK              0.02886
USIRS5            0.02787
KRWUSD            0.02538
CH10              0.02394
EU-TRAVEL         0.02147
V2X               0.02111
OATIES            0.01986
EU-DJ-UTIL        0.01973
RICE              0.01830
BBCOMM            0.01744
KOSPI_mini        0.01534
CHEESE            0.01531
VNKI              0.01490
SMI-MID           0.01438
DJSTX-SMALL       0.01415
ALUMINIUM         0.01317
EU-INSURE         0.01207
JGB-SGX-mini      0.01199
EU-DIV30          0.01165
EUROSTX-SMALL     0.01161
EU-REALESTATE     0.01135
EU-MEDIA          0.01129
EU-DJ-OIL         0.01073
EURO600           0.01054
CNH               0.01050
EU-HEALTH         0.01020
SHATZ             0.01016
EUROSTX200-LARGE  0.00943
BRE*              0.00882
EU-OIL*           0.00813
BTP3              0.00807
EDOLLAR*          0.00772
KR3*              0.00767
BONO              0.00752
IRON              0.00747
MSCIASIA          0.00740
FTSECHINAH*       0.00734
EU-FOOD           0.00721
JGB               0.00708
US-PROPERTY       0.00702
RUR               0.00680
VIX*              0.00670
EU-CHEM           0.00658
EU-TECH           0.00657
USIRS10           0.00641
US-STAPLES        0.00622
INR               0.00619
US2               0.00619
EU-UTILS          0.00593
SGD               0.00591
KOSPI             0.00584
EU-DJ-TELECOM     0.00562
BITCOIN*          0.00547
USIRS5ERIS        0.00545
WHEAT*            0.00542
EU-RETAIL*        0.00535
EURCHF            0.00502
NOK               0.00500
CORN*             0.00480
LIVECOW*          0.00479
US3               0.00471
MSCISING          0.00452
FEEDCOW           0.00448
PALLAD            0.00440
MXP               0.00433
EU-AUTO*          0.00420
US-HEALTH         0.00417
US-INDUSTRY       0.00414
US-MATERIAL       0.00406
REDWHEAT          0.00405
US-UTILS          0.00401
R1000*            0.00398
SEK               0.00366
US10*             0.00366
US-FINANCE        0.00366
ETHEREUM          0.00366
SP400*            0.00363
GAS_US_mini*      0.00360
SOYBEAN*          0.00358
MUMMY             0.00358
COPPER-mini       0.00351
LEANHOG           0.00347
FTSECHINAA*       0.00345
BOBL              0.00341
SOYOIL            0.00335
AEX               0.00334
EU-BASIC          0.00333
GBPEUR            0.00327
SMI               0.00318
NIFTY*            0.00309
CRUDE_W_mini      0.00306
EUROSTX           0.00304
US5*              0.00300
CAD               0.00300
US-TECH           0.00282
GAS-LAST          0.00266
DAX*              0.00261
NZD*              0.00253
US-ENERGY         0.00246
US20              0.00241
NIKKEI400         0.00234
KR10              0.00229
PLAT*             0.00223
YENEUR            0.00221
KOSDAQ*           0.00216
JPY*              0.00213
FTSETAIWAN*       0.00209
GBP*              0.00200
SILVER*           0.00200
SOYMEAL           0.00194
US10U             0.00194
AUD               0.00194
HEATOIL*          0.00191
CHF               0.00190
CRUDE_W           0.00186
TOPIX             0.00175
GASOILINE         0.00164
CAC               0.00158
BUND              0.00146
OAT               0.00139
BRENT-LAST        0.00135
NIKKEI*           0.00125
EUR*              0.00124
US30              0.00122
BTP*              0.00121
GOLD_micro*       0.00117
BUXL              0.00117
GOLD              0.00105
SP500_micro*      0.00101
SP500             0.00095
COPPER            0.00088
DOW               0.00085
RUSSELL           0.00084
GAS_US            0.00082
NASDAQ            0.00048
NASDAQ_micro      0.00046
SGX                   NaN

* indicates currently held position

********************************************************************************
                                 END OF REPORT                                  
********************************************************************************


