
********************************************************************************
               Risk report produced on 2021-10-28 20:57:11.677782               
********************************************************************************


Total risk across all strategies, annualised percentage 30.4

========================================
Risk per strategy, annualised percentage
========================================

                  risk
dynamic_TF_carry  30.2


=================================================================================================================================================================================================================================================================
                                                                                                                         Instrument risk                                                                                                                         
=================================================================================================================================================================================================================================================================

             daily_price_stdev  annual_price_stdev    price  daily_perc_stdev  annual_perc_stdev  point_size_base  contract_exposure  daily_risk_per_contract  annual_risk_per_contract  position   capital  exposure_held_perc_capital  annual_risk_perc_capital
BUND                       0.5                 8.0    168.9               0.3                4.8            846.1           142886.8                    425.4                    6806.0      -2.0  371682.7                       -76.9                      -3.7
VIX                        0.6                 9.0     22.6               2.5               40.0            724.7            16342.0                    408.9                    6543.0      -2.0  371682.7                        -8.8                      -3.5
US20                       0.9                13.9    160.5               0.5                8.7            724.7           116314.5                    631.2                   10099.2      -1.0  371682.7                       -31.3                      -2.7
GAS_US_mini                0.3                 4.5      5.8               4.9               78.6           1811.8            10453.8                    513.7                    8219.0      -1.0  371682.7                        -2.8                      -2.2
BTP                        0.6                 9.6    150.2               0.4                6.4            846.1           127055.7                    510.0                    8159.7      -1.0  371682.7                       -34.2                      -2.2
GBPEUR                     0.0                 0.0      0.8               0.3                4.9         125000.0           105956.2                    326.1                    5217.8      -1.0  371682.7                       -28.5                      -1.4
LIVECOW                    1.1                17.4    130.4               0.8               13.3            289.9            37785.9                    314.9                    5037.9      -1.0  371682.7                       -10.2                      -1.4
KR10                       0.5                 7.8    122.8               0.4                6.3            620.7            76222.7                    300.8                    4812.2      -1.0  371682.7                       -20.5                      -1.3
EUR                        0.0                 0.1      1.2               0.3                4.5          90587.6           105851.6                    297.1                    4754.0      -1.0  371682.7                       -28.5                      -1.3
JPY                        0.0                 0.0      0.0               0.4                5.8        9058758.7            79853.0                    289.3                    4628.8      -1.0  371682.7                       -21.5                      -1.2
BOBL                       0.2                 3.3    134.2               0.2                2.5            846.1           113517.5                    173.9                    2782.1      -1.0  371682.7                       -30.5                      -0.7
BRE                        0.0                 0.0      0.2               0.9               14.7          72470.1            12838.1                    117.8                    1885.4      -1.0  371682.7                        -3.5                      -0.5
US5                        0.2                 2.8    121.7               0.1                2.3            724.7            88209.7                    125.1                    2000.9       1.0  371682.7                        23.7                       0.5
EDOLLAR                    0.0                 0.7     98.4               0.0                0.7           1811.8           178330.7                     80.1                    1281.2       2.0  371682.7                        96.0                       0.7
US10                       0.3                 5.0    130.7               0.2                3.9            724.7            94743.3                    228.5                    3655.4       1.0  371682.7                        25.5                       1.0
NIKKEI                   367.3              5876.3  28855.0               1.3               20.4              0.6            18440.8                    234.7                    3755.4       1.0  371682.7                         5.0                       1.0
NZD                        0.0                 0.1      0.7               0.5                8.0          72470.1            52142.2                    260.1                    4162.1       1.0  371682.7                        14.0                       1.1
EU-OIL                     3.2                50.5    288.5               1.1               17.5             42.3            12205.5                    133.5                    2135.6       2.0  371682.7                         6.6                       1.1
DAX                      113.3              1812.9  15663.0               0.7               11.6              0.8            13253.0                     95.9                    1534.0       4.0  371682.7                        14.3                       1.7
SOYBEAN                   11.1               177.3   1236.5               0.9               14.3             36.2            44804.6                    401.5                    6424.3       1.0  371682.7                        12.1                       1.7
PLAT                      19.6               313.2   1024.6               1.9               30.6             36.2            37126.4                    709.3                   11348.8       1.0  371682.7                        10.0                       3.1
BRENT-LAST                 1.1                17.6     82.6               1.3               21.2            724.7            59882.0                    795.0                   12719.4       1.0  371682.7                        16.1                       3.4
FTSECHINAA               202.7              3243.9  15847.0               1.3               20.5              0.7            11484.3                    146.9                    2350.9       6.0  371682.7                        18.5                       3.8
AEX                        6.1                98.0    809.6               0.8               12.1            169.2           136997.7                   1036.7                   16587.3       1.0  371682.7                        36.9                       4.5
HEATOIL                    0.0                 0.6      2.4               1.4               22.6          30437.4            74532.1                   1052.7                   16843.7       1.0  371682.7                        20.1                       4.5
BITCOIN                 2456.0             39296.7  61280.0               4.0               64.1              0.1             4441.0                    178.0                    2847.8       6.0  371682.7                         7.2                       4.6
SP400                     25.6               410.2   2782.4               0.9               14.7             72.5           201640.7                   1858.2                   29730.6       1.0  371682.7                        54.3                       8.0

Sum of abs(notional exposure % capital) 657.1
Sum of abs(annualised risk % capital) 62.9
Net sum of annualised risk % capital 18.6 

======================================================================================================================================================================================================================
                                                                                                     Correlations                                                                                                     
======================================================================================================================================================================================================================

              AEX  BITCOIN  BOBL   BRE  BRENT-LAST   BTP  BUND   DAX  EDOLLAR  EU-OIL   EUR  FTSECHINAA  GAS_US_mini  GBPEUR  HEATOIL   JPY  KR10  LIVECOW  NIKKEI   NZD  PLAT  SOYBEAN  SP400  US10  US20   US5   VIX
AEX          1.00     0.29 -0.23  0.25        0.24  0.45 -0.18  0.81    -0.36    0.71  0.12        0.38         0.01   -0.37     0.36 -0.24  0.15     0.37    0.63  0.38  0.33     0.12   0.73 -0.36 -0.34 -0.40 -0.69
BITCOIN      0.29     1.00 -0.17  0.03        0.24  0.34 -0.13  0.31    -0.10    0.34 -0.00        0.09        -0.12   -0.13     0.23 -0.14 -0.03     0.29    0.25  0.11  0.32     0.15   0.32 -0.20 -0.24 -0.17 -0.23
BOBL        -0.23    -0.17  1.00 -0.07       -0.38  0.19  0.90 -0.19     0.54   -0.32  0.18       -0.25         0.02    0.05    -0.23  0.47  0.28    -0.03   -0.15 -0.05  0.03    -0.03  -0.07  0.62  0.55  0.61  0.12
BRE          0.25     0.03 -0.07  1.00        0.12  0.09 -0.10  0.35     0.02    0.20  0.39        0.17        -0.03   -0.09     0.39  0.04 -0.13    -0.02    0.23  0.49  0.19     0.25   0.40 -0.01 -0.09  0.02 -0.25
BRENT-LAST   0.24     0.24 -0.38  0.12        1.00 -0.14 -0.50  0.42    -0.20    0.62  0.09        0.05         0.22   -0.13     0.87 -0.28 -0.03     0.11    0.10  0.15  0.26     0.13   0.39 -0.33 -0.44 -0.20 -0.29
BTP          0.45     0.34  0.19  0.09       -0.14  1.00  0.29  0.34     0.19    0.22 -0.01       -0.06        -0.10   -0.08     0.06  0.06  0.14     0.36    0.29  0.01  0.03     0.13   0.31  0.14  0.09  0.12 -0.10
BUND        -0.18    -0.13  0.90 -0.10       -0.50  0.29  1.00 -0.16     0.51   -0.36  0.15       -0.28        -0.09    0.05    -0.30  0.45  0.41     0.01   -0.12 -0.06 -0.01    -0.05  -0.09  0.67  0.70  0.56  0.15
DAX          0.81     0.31 -0.19  0.35        0.42  0.34 -0.16  1.00    -0.28    0.69  0.32        0.38         0.06   -0.35     0.48 -0.12  0.11     0.29    0.62  0.53  0.45     0.24   0.86 -0.32 -0.34 -0.34 -0.76
EDOLLAR     -0.36    -0.10  0.54  0.02       -0.20  0.19  0.51 -0.28     1.00   -0.47  0.32       -0.19         0.01    0.19    -0.22  0.66  0.13    -0.09   -0.22  0.02  0.03     0.09  -0.17  0.88  0.65  0.90  0.46
EU-OIL       0.71     0.34 -0.32  0.20        0.62  0.22 -0.36  0.69    -0.47    1.00  0.03        0.31         0.06   -0.37     0.61 -0.37 -0.08     0.26    0.42  0.30  0.34     0.20   0.64 -0.54 -0.55 -0.52 -0.67
EUR          0.12    -0.00  0.18  0.39        0.09 -0.01  0.15  0.32     0.32    0.03  1.00        0.18         0.07    0.05     0.08  0.55  0.10    -0.17    0.30  0.70  0.47     0.21   0.41  0.33  0.21  0.37 -0.21
FTSECHINAA   0.38     0.09 -0.25  0.17        0.05 -0.06 -0.28  0.38    -0.19    0.31  0.18        1.00         0.21   -0.31     0.16 -0.09 -0.27    -0.01    0.41  0.34  0.41     0.19   0.41 -0.18 -0.20 -0.18 -0.42
GAS_US_mini  0.01    -0.12  0.02 -0.03        0.22 -0.10 -0.09  0.06     0.01    0.06  0.07        0.21         1.00   -0.22     0.12  0.04 -0.04    -0.15    0.02  0.14  0.09     0.05   0.12 -0.04 -0.10  0.03 -0.15
GBPEUR      -0.37    -0.13  0.05 -0.09       -0.13 -0.08  0.05 -0.35     0.19   -0.37  0.05       -0.31        -0.22    1.00    -0.26  0.11  0.04    -0.03   -0.28 -0.30 -0.21    -0.14  -0.42  0.19  0.17  0.22  0.31
HEATOIL      0.36     0.23 -0.23  0.39        0.87  0.06 -0.30  0.48    -0.22    0.61  0.08        0.16         0.12   -0.26     1.00 -0.26 -0.06     0.13    0.24  0.25  0.28     0.26   0.46 -0.33 -0.44 -0.26 -0.39
JPY         -0.24    -0.14  0.47  0.04       -0.28  0.06  0.45 -0.12     0.66   -0.37  0.55       -0.09         0.04    0.11    -0.26  1.00  0.21    -0.20   -0.07  0.30  0.07     0.07  -0.01  0.70  0.59  0.68  0.30
KR10         0.15    -0.03  0.28 -0.13       -0.03  0.14  0.41  0.11     0.13   -0.08  0.10       -0.27        -0.04    0.04    -0.06  0.21  1.00     0.05   -0.08 -0.04 -0.05    -0.15  -0.00  0.27  0.32  0.17 -0.08
LIVECOW      0.37     0.29 -0.03 -0.02        0.11  0.36  0.01  0.29    -0.09    0.26 -0.17       -0.01        -0.15   -0.03     0.13 -0.20  0.05     1.00    0.14 -0.15  0.03    -0.06   0.27 -0.12 -0.13 -0.13 -0.17
NIKKEI       0.63     0.25 -0.15  0.23        0.10  0.29 -0.12  0.62    -0.22    0.42  0.30        0.41         0.02   -0.28     0.24 -0.07 -0.08     0.14    1.00  0.54  0.36     0.15   0.64 -0.20 -0.18 -0.21 -0.51
NZD          0.38     0.11 -0.05  0.49        0.15  0.01 -0.06  0.53     0.02    0.30  0.70        0.34         0.14   -0.30     0.25  0.30 -0.04    -0.15    0.54  1.00  0.48     0.30   0.64  0.00 -0.08  0.02 -0.42
PLAT         0.33     0.32  0.03  0.19        0.26  0.03 -0.01  0.45     0.03    0.34  0.47        0.41         0.09   -0.21     0.28  0.07 -0.05     0.03    0.36  0.48  1.00     0.27   0.55 -0.01 -0.09 -0.00 -0.45
SOYBEAN      0.12     0.15 -0.03  0.25        0.13  0.13 -0.05  0.24     0.09    0.20  0.21        0.19         0.05   -0.14     0.26  0.07 -0.15    -0.06    0.15  0.30  0.27     1.00   0.25 -0.03 -0.14  0.03 -0.09
SP400        0.73     0.32 -0.07  0.40        0.39  0.31 -0.09  0.86    -0.17    0.64  0.41        0.41         0.12   -0.42     0.46 -0.01 -0.00     0.27    0.64  0.64  0.55     0.25   1.00 -0.23 -0.29 -0.21 -0.70
US10        -0.36    -0.20  0.62 -0.01       -0.33  0.14  0.67 -0.32     0.88   -0.54  0.33       -0.18        -0.04    0.19    -0.33  0.70  0.27    -0.12   -0.20  0.00 -0.01    -0.03  -0.23  1.00  0.90  0.90  0.43
US20        -0.34    -0.24  0.55 -0.09       -0.44  0.09  0.70 -0.34     0.65   -0.55  0.21       -0.20        -0.10    0.17    -0.44  0.59  0.32    -0.13   -0.18 -0.08 -0.09    -0.14  -0.29  0.90  1.00  0.72  0.40
US5         -0.40    -0.17  0.61  0.02       -0.20  0.12  0.56 -0.34     0.90   -0.52  0.37       -0.18         0.03    0.22    -0.26  0.68  0.17    -0.13   -0.21  0.02 -0.00     0.03  -0.21  0.90  0.72  1.00  0.46
VIX         -0.69    -0.23  0.12 -0.25       -0.29 -0.10  0.15 -0.76     0.46   -0.67 -0.21       -0.42        -0.15    0.31    -0.39  0.30 -0.08    -0.17   -0.51 -0.42 -0.45    -0.09  -0.70  0.43  0.40  0.46  1.00


********************************************************************************
                               END OF RISK REPORT                               
********************************************************************************


