
********************************************************************************
                    Roll report produced on 14/05/2026 22:47                    
********************************************************************************



==========================================================================================================================================================
                                                             Status and time to roll in days                                                              
==========================================================================================================================================================

                   status  roll_expiry  price_expiry  carry_expiry contract_priced contract_fwd  position_priced  relative_volume_fwd  contract_volume_fwd
STEEL             No_Open          -51            39            11        20260600     20260700              0.0                0.398                   43
MILKDRY           No_Open          -43           137           109        20260900     20261000              0.0                0.728                   17
VNKI              No_Open          -35            25            -3        20260600     20260700              0.0                0.163                    2
OATIES            No_Open          -30            60            -1        20260700     20260900              0.0                0.070                   15
VIX_mini          No_Open          -27            33             4        20260600     20260700              0.0                0.094                   27
V2X               Passive          -27            33             5        20260600     20260700             -1.0                0.211                 1473
GAS-PEN           No_Open          -24            11           -18        20260600     20260700              1.0                0.015                    1
GAS_US_mini       No_Open          -24            11           -18        20260600     20260700              0.0                0.096                   93
GOLD-mini         No_Open          -18            12            75        20260600     20260800              0.0                0.017                   32
GASOILINE_micro   No_Open          -17            13            45        20260600     20260700              0.0                  NaN                    0
GASOILINE         Passive          -14            46            14        20260700     20260800              1.0                0.255                 2408
LIVECOW           Passive          -14            46           -15        20260600     20260800              1.0                0.687                13259
KRWUSD            No_Open           -7             3            31        20260500     20260600              0.0                1.403                    4
SGD               No_Open           -7             3            31        20260500     20260600              0.0                0.629                    7
CRUDE_W_mini      No_Open           -6            34             3        20260700     20260800              0.0                0.088                   25
COAL              No_Open           -3            42            14        20260600     20260700              0.0                0.324                   15
CNH-onshore       No_Open           -2             3            31        20260500     20260600              0.0                  NaN                    0
TWD-mini          No_Open           -2             3            31        20260500     20260600              0.0                0.000                    0
CANOLA            Passive            0            60            -1        20260700     20261100              1.0                0.613                14724
DX                No_Open            1            31           122        20260600     20260900              0.0                0.002                   34
LEANHOG           Passive            1            61            28        20260700     20260800             -1.0                0.574                 4799
FTSEINDO          No_Open            1            11            45        20260500     20260600              0.0                0.000                    0
INR               No_Open            1            11            41        20260500     20260600              0.0                0.007                    1
HOUSE-US          No_Open            2             7           101        20260500     20260800              0.0                  NaN                    0
FTSECHINAA        No_Open            3            13            45        20260500     20260600              0.0                0.011                 3133
FTSETAIWAN        No_Open            3            13            45        20260500     20260600              0.0                0.002                   88
SGX               No_Open            3            13            17        20260500     20260600              0.0                0.000                    0
FTSEVIET          No_Open            3            13            45        20260500     20260600              0.0                0.000                    0
HANGENT_mini        Close            3            13            45        20260500     20260600             -1.0                0.033                  213
SPI200            No_Open            4            34            62        20260600     20260900              0.0                  NaN                    0
FTSE100           No_Open            5            35           126        20260600     20260900              0.0                0.000                    1
GAS-LAST          No_Open            7            42            12        20260700     20260800              0.0                0.218                   45
MSCITAIWAN        No_Open            8            13            45        20260500     20260600              0.0                0.008                   13
FTSECHINAH        No_Open            8            13            45        20260500     20260600              0.0                0.000                    0
MSCISING          No_Open            8            13            45        20260500     20260600              0.0                0.001                   21
HANG              No_Open            8            13            45        20260500     20260600              0.0                0.009                  823
JGB-SGX-mini      No_Open            8            28           119        20260600     20260900              0.0                0.000                    1
JGB-mini          No_Open            8            28           119        20260600     20260900              0.0                0.000                    0
HANGTECH          No_Open            8            13            45        20260500     20260600              0.0                0.010                 1254
HANGENT           No_Open            8            13            45        20260500     20260600              0.0                0.006                  489
US30              No_Open            9            34           129        20260600     20260900              0.0                0.008                 1338
US10              No_Open            9            34           129        20260600     20260900              0.0                0.010                 8405
US20              No_Open            9            34           129        20260600     20260900              0.0                0.011                 2123
US10U             No_Open            9            34           129        20260600     20260900              0.0                0.007                 1625
CLP               No_Open            9            14            46        20260600     20260700              0.0                0.000                    0
BRE               No_Open            9            14            46        20260600     20260700              0.0                0.004                   76
BITCOIN           Passive           10            14            42        20260500     20260600             -3.0                0.031                  933
JGB               No_Roll           11            31           122        20260600     20260900              0.0                0.000                   11
LUMBER-new        No_Roll           11            61           123        20260700     20260900              0.0                0.029                    7
IG                No_Roll           12            17            47        20260600     20260700              0.0                0.000                    0
HIGHYIELD         No_Roll           12            17            47        20260600     20260700              0.0                0.000                    0
COPPER-mini       No_Roll           12            42           104        20260700     20260900              0.0                0.268                   29
CAD5              No_Roll           15            35           126        20260600     20260900              0.0                0.000                    0
CAD2              No_Roll           15            35           126        20260600     20260900              0.0                0.000                    0
SOYBEAN_mini      No_Roll           15            60            91        20260700     20260800              0.0                0.026                   33
CAD10             No_Roll           15            35           126        20260600     20260900             -1.0                0.000                    1
LEAD_LME          No_Roll           16            61            96        20260700     20260800              0.0                1.203                  167
NICKEL_LME        No_Roll           16            61            96        20260700     20260800              0.0                0.146                   13
RUBBER            Passive           16            46            77        20260700     20260800              1.0                1.251                 8524
BONO              No_Roll           19            24           116        20260600     20260900              0.0                0.000                    0
BUND              No_Roll           19            24           116        20260600     20260900             -1.0                0.000                  275
CH10              No_Roll           19            24           116        20260600     20260900              0.0                0.000                    0
BTP               No_Roll           19            24           116        20260600     20260900              0.0                0.000                    7
SHATZ             No_Roll           19            24           116        20260600     20260900              0.0                0.000                    7
OAT               No_Roll           19            24           116        20260600     20260900              0.0                0.000                    1
BUXL              No_Roll           19            24           116        20260600     20260900              0.0                0.000                   34
BTP3              No_Roll           19            24           116        20260600     20260900              0.0                0.000                    0
BOBL              No_Roll           19            24           116        20260600     20260900              0.0                0.000                   37
IRS               No_Roll           21            31           122        20260600     20260900              0.0                0.000                    0
PLN               No_Roll           21            31           122        20260600     20260900              0.0                0.000                    0
KRWUSD_mini       No_Roll           21            31            66        20260600     20260700              0.0                0.000                    1
NZD               No_Roll           21            31           122        20260600     20260900              1.0                0.001                    6
US3               No_Roll           21            46           138        20260600     20260900              0.0                0.000                    0
GICS              No_Roll           21            31            62        20260600     20260700              0.0                0.000                    0
US5               No_Roll           21            46           138        20260600     20260900              0.0                0.012                 6406
JP-REALESTATE     No_Roll           22            27           118        20260600     20260900              0.0                0.508                   30
MUMMY             No_Roll           22            27           118        20260600     20260900              2.0                0.014                   53
NIKKEI400         No_Roll           22            27           118        20260600     20260900              0.0                0.000                    0
TOPIX             No_Roll           22            27           118        20260600     20260900              1.0                0.003                   38
SUGAR16           No_Roll           24            84            24        20260900     20261100              0.0                  NaN                   43
OMX               No_Roll           24            34           126        20260600     20260900              0.0                0.000                    0
R1000             No_Roll           24            34           126        20260600     20260900              0.0                0.000                    0
EU-CONSTRUCTION   No_Roll           25            35           126        20260600     20260900              0.0                0.000                    0
EU-INSURE         No_Roll           25            35           126        20260600     20260900              0.0                0.000                    0
IBEX              No_Roll           25            35            63        20260600     20260700              0.0                0.000                    0
EU-CHEM           No_Roll           25            35           126        20260600     20260900              0.0                0.000                    0
IBEX_mini         No_Roll           25            35            63        20260600     20260700              0.0                0.016                    5
EU-BANKS          No_Roll           25            35           126        20260600     20260900              0.0                  NaN                    0
AUD_micro         No_Roll           26            31           122        20260600     20260900              5.0                0.013                   27
CHFJPY            No_Roll           26            31           122        20260600     20260900              0.0                0.000                    0
TWD               No_Roll           26            31            59        20260600     20260700              0.0                0.000                    0
ZAR               No_Roll           26            31           122        20260600     20260900              0.0                0.000                    0
YENEUR            No_Roll           26            31           122        20260600     20260900              0.0                0.003                    2
KOSPI             No_Roll           26            27           118        20260600     20260900              0.0                0.001                  155
AUDJPY            No_Roll           26            31           122        20260600     20260900              0.0                0.000                    0
EUR               No_Roll           26            31           122        20260600     20260900              0.0                0.006                  364
GBP_micro         No_Roll           26            31           122        20260600     20260900              0.0                0.008                   26
NOK               No_Roll           26            31           122        20260600     20260900              0.0                  NaN                    0
EURCAD            No_Roll           26            31           122        20260600     20260900              0.0                0.000                    0
CHF_micro         No_Roll           26            31           122        20260600     20260900              0.0                0.017                    3
SEK               No_Roll           26            31           122        20260600     20260900              0.0                0.000                    0
KOSDAQ            No_Roll           26            27           118        20260600     20260900              1.0                0.000                   19
GBP               No_Roll           26            31           122        20260600     20260900              3.0                0.003                  121
KOSPI_mini        No_Roll           26            27            55        20260600     20260700              0.0                0.001                   39
GBPCHF            No_Roll           26            31           122        20260600     20260900              0.0                0.000                    0
CZK               No_Roll           26            31           122        20260600     20260900              0.0                0.000                    0
JPY               No_Roll           26            31           122        20260600     20260900             -3.0                0.004                  232
EUR_mini          No_Roll           26            31           122        20260600     20260900              0.0                0.003                    3
EURCHF            No_Roll           26            31           122        20260600     20260900              0.0                0.162                   20
CHF               No_Roll           26            31           122        20260600     20260900              0.0                0.002                   13
EURAUD            No_Roll           26            31           122        20260600     20260900              0.0                0.000                    0
GBPEUR            No_Roll           26            31           122        20260600     20260900              0.0                0.001                    1
AUD               No_Roll           26            31           122        20260600     20260900              0.0                0.002                   61
JPY_mini          No_Roll           26            31           122        20260600     20260900              0.0                0.121                    7
MXP               No_Roll           26            31           122        20260600     20260900              2.0                0.001                   10
GBPJPY            No_Roll           26            31           122        20260600     20260900              0.0                0.080                    1
CAD               No_Roll           27            32           123        20260600     20260900              0.0                0.005                  131
CAD_micro         No_Roll           27            32           123        20260600     20260900              0.0                0.015                   15
BBCOMM            No_Roll           28            33           124        20260600     20260900              0.0                0.003                    3
BOVESPA           No_Roll           28            33            89        20260600     20260800              0.0                0.000                    0
DOW_mini          No_Roll           29            34           126        20260600     20260900              0.0                0.004                  233
NASDAQ_micro      No_Roll           29            34           126        20260600     20260900              0.0                0.002                 3342
SP500_micro       No_Roll           29            34           126        20260600     20260900              0.0                0.002                 1856
NASDAQ            No_Roll           29            34           126        20260600     20260900              0.0                0.002                  704
DOW               No_Roll           29            34           126        20260600     20260900             -1.0                0.004                  393
US-STAPLES        No_Roll           29            34           126        20260600     20260900              0.0                0.000                    0
US-MATERIAL       No_Roll           29            34           126        20260600     20260900              0.0                0.000                    0
FANG              No_Roll           29            34           126        20260600     20260900              0.0                0.000                    0
US-UTILS          No_Roll           29            34           126        20260600     20260900              0.0                0.000                    0
CHINAA-CON        No_Roll           29            34            47        20260600     20260700              0.0                0.000                    0
US-DISCRETE       No_Roll           29            34           126        20260600     20260900              0.0                0.000                    0
SP400             No_Roll           29            34           126        20260600     20260900              0.0                0.000                    0
RUSSELL           No_Roll           29            34           126        20260600     20260900              5.0                0.004                  259
US-ENERGY         No_Roll           29            34           126        20260600     20260900              0.0                0.000                    0
SP500             No_Roll           29            34           126        20260600     20260900              0.0                0.001                  647
US-INDUSTRY       No_Roll           29            34           126        20260600     20260900              0.0                0.000                    0
US-HEALTH         No_Roll           29            34           126        20260600     20260900              0.0                0.000                    0
RUSSELL_mini      No_Roll           29            34           126        20260600     20260900              0.0                0.003                  288
SWISSLEAD         No_Roll           30            35           126        20260600     20260900              0.0                0.000                    0
EU-RETAIL         No_Roll           30            35           126        20260600     20260900              0.0                0.000                    0
EPRA-EUROPE       No_Roll           30            35           126        20260600     20260900              0.0                0.000                    0
MSCIEMASIA        No_Roll           30            35           399        20260600     20270600              1.0                0.000                    0
EU-DJ-OIL         No_Roll           30            35           126        20260600     20260900              0.0                0.000                    0
EU-DJ-TELECOM     No_Roll           30            35           126        20260600     20260900              0.0                0.000                    0
EU-TRAVEL         No_Roll           30            35           126        20260600     20260900              0.0                0.000                    0
EU-BASIC          No_Roll           30            35           126        20260600     20260900              1.0                0.000                    0
EU-FOOD           No_Roll           30            35           126        20260600     20260900              0.0                0.000                    0
EU-OIL            No_Roll           30            35           126        20260600     20260900              1.0                0.000                    0
AEX_mini          No_Roll           30            35            63        20260600     20260700              0.0                0.000                    0
AEX               No_Roll           30            35            63        20260600     20260700              0.0                0.000                    0
EU-DJ-TECH        No_Roll           30            35           126        20260600     20260900              0.0                0.000                    0
MSCIEAFA          No_Roll           30            35           126        20260600     20260900              1.0                0.000                    0
EUROSTX200-LARGE  No_Roll           30            35           126        20260600     20260900              0.0                0.000                    0
EURO600           No_Roll           30            35           126        20260600     20260900              0.0                0.000                    1
CAC               No_Roll           30            35            63        20260600     20260700              0.0                0.000                    0
SMI-MID           No_Roll           30            35           126        20260600     20260900              0.0                0.000                    0
EU-DJ-UTIL        No_Roll           30            35           126        20260600     20260900              0.0                0.000                    0
EU-UTILS          No_Roll           30            35           126        20260600     20260900              0.0                0.000                    0
ALUMINIUM         No_Roll           30            75           104        20260700     20260800              0.0                0.113                   16
EU-REALESTATE     No_Roll           30            35           126        20260600     20260900              0.0                0.000                    0
EU-MEDIA          No_Roll           30            35           126        20260600     20260900              0.0                0.000                    0
MSCIASIA          No_Roll           30            35           126        20260600     20260900              0.0                0.000                    0
EUROSTX-LARGE     No_Roll           30            35           126        20260600     20260900              0.0                0.000                    0
EU-HEALTH         No_Roll           30            35           126        20260600     20260900              0.0                0.000                    0
EU-AUTO           No_Roll           30            35           126        20260600     20260900              0.0                0.000                    0
EU-MID            No_Roll           30            35           126        20260600     20260900              0.0                0.000                    0
EU-DIV30          No_Roll           30            35           126        20260600     20260900              0.0                0.000                    0
MSCIWORLD         No_Roll           30            35           126        20260600     20260900              0.0                0.000                    0
MIB               No_Roll           30            35           126        20260600     20260900              0.0                0.001                   12
FTSE250           No_Roll           30            35           126        20260600     20260900              0.0                0.000                    0
EUROSTX           No_Roll           30            35           126        20260600     20260900              0.0                0.000                   53
SMI               No_Roll           30            35           126        20260600     20260900              0.0                0.000                    3
CORN_mini         No_Roll           30            60           122        20260700     20260900              0.0                0.037                   28
EU-HOUSE          No_Roll           30            35           126        20260600     20260900              0.0                0.000                    0
EUROSTX-SMALL     No_Roll           30            35           126        20260600     20260900              0.0                0.000                    0
EU-TECH           No_Roll           30            35           126        20260600     20260900              0.0                0.000                    0
DAX               No_Roll           30            35           126        20260600     20260900             -2.0                0.001                   29
KR3               No_Roll           31            32           123        20260600     20260900              0.0                0.000                    4
KR10              No_Roll           31            32           123        20260600     20260900             -2.0                0.000                    9
RICE              No_Roll           32           122            60        20260900     20261100              0.0                0.057                    7
SOYOIL            No_Roll           32           122            91        20260900     20261000              0.0                0.569                 1516
SOYMEAL           No_Roll           32           122            91        20260900     20261000              0.0                0.869                 2302
REDWHEAT          No_Roll           32           122            60        20260900     20261200              0.0                0.667                 4272
COAL-GEORDIE      No_Roll           32            77            42        20260700     20260800              0.0                2.970                    3
US-REALESTATE     No_Roll           32            34           126        20260600     20260900              0.0                0.000                    0
COTTON            No_Roll           34            39           131        20260700     20261000              0.0                0.000                    0
VIX               No_Roll           36            96            68        20260800     20260900              0.0                1.209                 4615
ETHEREUM          No_Roll           37            42            77        20260600     20260700              0.0                0.015                    4
BRENT-LAST        No_Roll           37            77            46        20260900     20261000              0.0                0.512                   72
GILT              No_Roll           37            42           136        20260600     20260900              0.0                0.000                   59
BRENT_W           No_Roll           37            77            46        20260900     20261000              0.0                0.360                 9822
ETHER-micro       No_Roll           37            42            77        20260600     20260700              0.0                0.021                   28
GASOILINE_ICE     No_Roll           40            45            76        20260700     20260800              0.0                0.028                   14
HANG_mini         No_Roll           40            45            47        20260600     20260700              0.0                0.000                    0
HEATOIL-ICE       No_Roll           40            45            76        20260700     20260800              0.0                0.034                    9
SONIA3            No_Roll           40          1040           949        20281200     20290300              0.0                0.768                 8643
SOFR              No_Roll           40          1040           949        20281200     20290300              0.0                0.855                16466
GAS_US            No_Roll           40            75            42        20260800     20260900              0.0                0.669                 4238
CHEESE            No_Roll           41            81            46        20260700     20260800              0.0                0.618                  121
WHEY              No_Roll           41            81            46        20260700     20260800              0.0                0.616                    8
BUTTER            No_Roll           41            81            46        20260700     20260800              0.0                0.648                   42
FEEDCOW           No_Roll           42           132           104        20260900     20261000              0.0                0.458                 1102
COPPER            No_Roll           45            75           136        20260700     20260900              0.0                0.054                 1073
PLAT              No_Roll           45            75           166        20260700     20261000              0.0                0.028                  186
MILKWET           No_Roll           47           137           109        20260900     20261000              0.0                0.968                    8
HEATOIL           No_Roll           48           108            77        20260900     20261000              0.0                0.340                  485
IRON              No_Roll           48           108            77        20260800     20260900              0.0                0.462                 5310
MILK              No_Roll           49           109            81        20260800     20260900              0.0                0.831                  124
SGD_mini          No_Roll           49            59            94        20260700     20260800              0.0                0.000                    0
CNH               No_Roll           49            59            94        20260700     20260800              0.0                0.211                  888
FED               No_Roll           50           230           199        20261200     20270100              0.0                1.200                 2452
ZINC_LME          No_Roll           51            96           124        20260800     20260900              0.0                1.244                  111
ALUMINIUM_LME     No_Roll           51            96           124        20260800     20260900              0.0                0.140                   21
TIN_LME           No_Roll           51            96           124        20260800     20260900              0.0                0.704                    1
COPPER_LME        No_Roll           51            96           124        20260800     20260900              0.0                0.467                   41
CRUDE_W_micro     No_Roll           56            96            66        20260900     20261000              0.0                0.594                   38
GASOIL            No_Roll           58           118            89        20260900     20261000              0.0                0.414                 1517
CRUDE_ICE         No_Roll           61            66            96        20260800     20260900              0.0                0.797                  390
SUGAR_WHITE       No_Roll           63           123            62        20261000     20261200              0.0                0.446                 1398
EURIBOR           No_Roll           66           766           668        20280600     20280900              0.0                1.177                  109
EURIBOR-ICE       No_Roll           66           766           668        20280600     20280900              0.0                0.788                21042
COCOA             No_Roll           73           123            62        20260900     20261200              0.0                0.499                 3787
COCOA_LDN         No_Roll           73           123            62        20260900     20261200              0.0                0.684                 2710
GOLD              No_Roll           74           104           166        20260800     20261000              0.0                0.026                   37
COPPER-micro      No_Roll           74           104           136        20260900     20261200              0.0                0.020                   10
GOLD_micro        No_Roll           74           104           166        20260800     20261000              0.0                0.099                  150
COFFEE            No_Roll           76           126            67        20260900     20261200              0.0                0.400                 1380
SUGAR11           No_Roll           78           138            46        20261000     20270300              0.0                0.468                 8006
OJ                No_Roll           78           118           178        20260900     20261100              0.0                0.296                   18
ROBUSTA           No_Roll           82           132            73        20260900     20261100              0.0                0.259                  659
SILVER            No_Roll           91           136            78        20260900     20261200              0.0                0.065                   31
WHEAT_ICE         No_Roll           92           192            53        20261100     20270500              0.0                0.087                   30
WHEAT_mini        No_Roll           92           122           213        20260900     20261200              0.0                0.336                   24
SARONA            No_Roll          105           305           214        20261200     20270300              0.0                0.854                 5217
PALLAD            No_Roll          106           136           228        20260900     20261200              0.0                0.058                    7
US2               No_Roll          113           138           230        20260900     20261200              0.0                0.000                    1
NIKKEI            No_Roll          113           118           146        20260900     20261200              0.0                0.121                  960
EUR_micro         No_Roll          117           122           200        20260900     20261200              0.0                0.000                    0
SOYBEAN           No_Roll          122           182           122        20261100     20271100              0.0                0.010                  396
COTTON2           No_Roll          147           207           146        20261200     20270300              0.0                0.185                 3407
CRUDE_W           No_Roll          149           189           158        20261200     20271200              0.0                0.294                 3068
MILLWHEAT         No_Roll          149           209           118        20261200     20270300              0.0                0.156                 2968
CORN              No_Roll          153           213           122        20261200     20271200              1.0                0.035                 2433
WHEAT             No_Roll          153           213           122        20261200     20271200              0.0                0.011                  112
EUA               No_Roll          314           584           500        20271200     20281200              0.0                0.097                   59

Roll_exp is days until preferred roll set by roll parameters. Prc_exp is days until price contract expires, Crry_exp is days until carry contract expires
Contract suffix: p=price, f=forward, c=carry
Contract volumes over recent days, normalised so largest volume is 1.0

********************************************************************************
                                 END OF REPORT                                  
********************************************************************************


